,date,num_infections,num_hosp,num_uci,num_dead,cumu_num_infections,cumu_num_hosp,cumu_num_uci,cumu_num_dead,ave_7_num_infections,ave_7_num_hosp,ave_7_num_uci,ave_7_num_dead
0,2020-01-18,1,1,0,0,1,1,0,0,,,,
1,2020-01-31,1,0,0,0,2,1,0,0,,,,
2,2020-02-09,1,1,0,0,3,2,0,0,,,,
3,2020-02-12,3,0,0,0,6,2,0,0,,,,
4,2020-02-21,1,0,0,0,7,2,0,0,,,,
5,2020-02-22,1,0,0,0,8,2,0,0,,,,
6,2020-02-23,2,0,0,0,10,2,0,0,1.4285714285714286,0.2857142857142857,0.0,0.0
7,2020-02-24,2,1,1,0,12,3,1,0,1.5714285714285714,0.2857142857142857,0.14285714285714285,0.0
8,2020-02-25,1,1,0,0,13,4,1,0,1.5714285714285714,0.42857142857142855,0.14285714285714285,0.0
9,2020-02-26,7,5,1,0,20,9,2,0,2.4285714285714284,1.0,0.2857142857142857,0.0
10,2020-02-27,23,9,1,0,43,18,3,0,5.285714285714286,2.2857142857142856,0.42857142857142855,0.0
11,2020-02-28,23,13,3,0,66,31,6,0,8.428571428571429,4.142857142857143,0.8571428571428571,0.0
12,2020-02-29,18,15,1,0,84,46,7,0,10.857142857142858,6.285714285714286,1.0,0.0
13,2020-03-01,38,35,3,0,122,81,10,0,16.0,11.285714285714286,1.4285714285714286,0.0
14,2020-03-02,71,79,8,0,193,160,18,0,25.857142857142858,22.428571428571427,2.4285714285714284,0.0
15,2020-03-03,84,104,8,1,277,264,26,1,37.714285714285715,37.142857142857146,3.5714285714285716,0.14285714285714285
16,2020-03-04,99,117,8,1,376,381,34,2,50.857142857142854,53.142857142857146,4.571428571428571,0.2857142857142857
17,2020-03-05,188,170,22,1,564,551,56,3,74.42857142857143,76.14285714285714,7.571428571428571,0.42857142857142855
18,2020-03-06,273,192,20,3,837,743,76,6,110.14285714285714,101.71428571428571,10.0,0.8571428571428571
19,2020-03-07,289,223,20,2,1126,966,96,8,148.85714285714286,131.42857142857142,12.714285714285714,1.1428571428571428
20,2020-03-08,369,257,28,13,1495,1223,124,21,196.14285714285714,163.14285714285714,16.285714285714285,3.0
21,2020-03-09,648,468,40,14,2143,1691,164,35,278.57142857142856,218.71428571428572,20.857142857142858,5.0
22,2020-03-10,1018,585,60,27,3161,2276,224,62,412.0,287.42857142857144,28.285714285714285,8.714285714285714
23,2020-03-11,1332,766,70,34,4493,3042,294,96,588.1428571428571,380.14285714285717,37.142857142857146,13.428571428571429
24,2020-03-12,1783,962,96,53,6276,4004,390,149,816.0,493.2857142857143,47.714285714285715,20.857142857142858
25,2020-03-13,2123,1056,141,77,8399,5060,531,226,1080.2857142857142,616.7142857142857,65.0,31.428571428571427
26,2020-03-14,1991,1114,122,99,10390,6174,653,325,1323.4285714285713,744.0,79.57142857142857,45.285714285714285
27,2020-03-15,2223,1291,151,125,12613,7465,804,450,1588.2857142857142,891.7142857142857,97.14285714285714,61.285714285714285
28,2020-03-16,3158,2009,204,174,15771,9474,1008,624,1946.857142857143,1111.857142857143,120.57142857142857,84.14285714285714
29,2020-03-17,4373,2354,242,189,20144,11828,1250,813,2426.1428571428573,1364.5714285714287,146.57142857142858,107.28571428571429
30,2020-03-18,4646,2974,294,243,24790,14802,1544,1056,2899.5714285714284,1680.0,178.57142857142858,137.14285714285714
31,2020-03-19,5690,3203,317,315,30480,18005,1861,1371,3457.714285714286,2000.142857142857,210.14285714285714,174.57142857142858
32,2020-03-20,6343,3791,322,429,36823,21796,2183,1800,4060.5714285714284,2390.8571428571427,236.0,224.85714285714286
33,2020-03-21,5661,3364,330,493,42484,25160,2513,2293,4584.857142857143,2712.285714285714,265.7142857142857,281.14285714285717
34,2020-03-22,5200,3223,367,541,47684,28383,2880,2834,5010.142857142857,2988.285714285714,296.57142857142856,340.57142857142856
35,2020-03-23,8029,4813,431,678,55713,33196,3311,3512,5706.0,3388.8571428571427,329.0,412.57142857142856
36,2020-03-24,9521,5188,489,721,65234,38384,3800,4233,6441.428571428572,3793.714285714286,364.2857142857143,488.57142857142856
37,2020-03-25,9981,5088,450,811,75215,43472,4250,5044,7203.571428571428,4095.714285714286,386.57142857142856,569.7142857142857
38,2020-03-26,9924,4930,427,867,85139,48402,4677,5911,7808.428571428572,4342.428571428572,402.2857142857143,648.5714285714286
39,2020-03-27,8940,4715,361,901,94079,53117,5038,6812,8179.428571428572,4474.428571428572,407.85714285714283,716.0
40,2020-03-28,6932,3308,319,829,101011,56425,5357,7641,8361.0,4466.428571428572,406.2857142857143,764.0
41,2020-03-29,4971,2587,265,801,105982,59012,5622,8442,8328.285714285714,4375.571428571428,391.7142857142857,801.1428571428571
42,2020-03-30,7858,3853,334,905,113840,62865,5956,9347,8303.857142857143,4238.428571428572,377.85714285714283,833.5714285714286
43,2020-03-31,7751,3251,283,884,121591,66116,6239,10231,8051.0,3961.714285714286,348.42857142857144,856.8571428571429
44,2020-04-01,6913,3126,258,885,128504,69242,6497,11116,7612.714285714285,3681.4285714285716,321.0,867.4285714285714
45,2020-04-02,6794,2770,208,843,135298,72012,6705,11959,7165.571428571428,3372.8571428571427,289.7142857142857,864.0
46,2020-04-03,6695,2671,190,775,141993,74683,6895,12734,6844.857142857143,3080.8571428571427,265.2857142857143,846.0
47,2020-04-04,4564,1887,158,731,146557,76570,7053,13465,6506.571428571428,2877.8571428571427,242.28571428571428,832.0
48,2020-04-05,3090,1456,138,714,149647,78026,7191,14179,6237.857142857143,2716.285714285714,224.14285714285714,819.5714285714286
49,2020-04-06,5292,2171,143,745,154939,80197,7334,14924,5871.285714285715,2476.0,196.85714285714286,796.7142857142857
50,2020-04-07,5228,2125,112,718,160167,82322,7446,15642,5510.857142857143,2315.1428571428573,172.42857142857142,773.0
51,2020-04-08,5311,1916,123,724,165478,84238,7569,16366,5282.0,2142.285714285714,153.14285714285714,750.0
52,2020-04-09,4500,1561,76,645,169978,85799,7645,17011,4954.285714285715,1969.5714285714287,134.28571428571428,721.7142857142857
53,2020-04-10,4326,1394,81,640,174304,87193,7726,17651,4615.857142857143,1787.142857142857,118.71428571428571,702.4285714285714
54,2020-04-11,2994,1146,62,599,177298,88339,7788,18250,4391.571428571428,1681.2857142857142,105.0,683.5714285714286
55,2020-04-12,2352,875,68,512,179650,89214,7856,18762,4286.142857142857,1598.2857142857142,95.0,654.7142857142857
56,2020-04-13,3059,1122,78,567,182709,90336,7934,19329,3967.1428571428573,1448.4285714285713,85.71428571428571,629.2857142857143
57,2020-04-14,3862,1245,63,580,186571,91581,7997,19909,3772.0,1322.7142857142858,78.71428571428571,609.5714285714286
58,2020-04-15,3573,988,67,529,190144,92569,8064,20438,3523.714285714286,1190.142857142857,70.71428571428571,581.7142857142857
59,2020-04-16,3283,967,43,461,193427,93536,8107,20899,3349.8571428571427,1105.2857142857142,66.0,555.4285714285714
60,2020-04-17,3312,873,55,477,196739,94409,8162,21376,3205.0,1030.857142857143,62.285714285714285,532.1428571428571
61,2020-04-18,2058,558,33,395,198797,94967,8195,21771,3071.285714285714,946.8571428571429,58.142857142857146,503.0
62,2020-04-19,1346,505,29,366,200143,95472,8224,22137,2927.5714285714284,894.0,52.57142857142857,482.14285714285717
63,2020-04-20,2378,663,35,348,202521,96135,8259,22485,2830.285714285714,828.4285714285714,46.42857142857143,450.85714285714283
64,2020-04-21,2540,662,35,389,205061,96797,8294,22874,2641.4285714285716,745.1428571428571,42.42857142857143,423.57142857142856
65,2020-04-22,2519,501,33,307,207580,97298,8327,23181,2490.8571428571427,675.5714285714286,37.57142857142857,391.85714285714283
66,2020-04-23,2092,472,36,280,209672,97770,8363,23461,2320.714285714286,604.8571428571429,36.57142857142857,366.0
67,2020-04-24,2042,475,25,296,211714,98245,8388,23757,2139.285714285714,548.0,32.285714285714285,340.14285714285717
68,2020-04-25,1203,288,17,247,212917,98533,8405,24004,2017.142857142857,509.42857142857144,30.0,319.0
69,2020-04-26,733,185,18,208,213650,98718,8423,24212,1929.5714285714287,463.7142857142857,28.428571428571427,296.42857142857144
70,2020-04-27,1534,409,25,215,215184,99127,8448,24427,1809.0,427.42857142857144,27.0,277.42857142857144
71,2020-04-28,1584,312,28,208,216768,99439,8476,24635,1672.4285714285713,377.42857142857144,26.0,251.57142857142858
72,2020-04-29,1336,260,19,205,218104,99699,8495,24840,1503.4285714285713,343.0,24.0,237.0
73,2020-04-30,1284,263,16,193,219388,99962,8511,25033,1388.0,313.14285714285717,21.142857142857142,224.57142857142858
74,2020-05-01,707,167,13,144,220095,100129,8524,25177,1197.2857142857142,269.14285714285717,19.428571428571427,202.85714285714286
75,2020-05-02,523,160,7,152,220618,100289,8531,25329,1100.142857142857,250.85714285714286,18.0,189.28571428571428
76,2020-05-03,414,148,11,139,221032,100437,8542,25468,1054.5714285714287,245.57142857142858,17.0,179.42857142857142
77,2020-05-04,858,223,15,147,221890,100660,8557,25615,958.0,219.0,15.571428571428571,169.71428571428572
78,2020-05-05,837,186,12,141,222727,100846,8569,25756,851.2857142857143,201.0,13.285714285714286,160.14285714285714
79,2020-05-06,834,170,8,101,223561,101016,8577,25857,779.5714285714286,188.14285714285714,11.714285714285714,145.28571428571428
80,2020-05-07,822,166,13,133,224383,101182,8590,25990,713.5714285714286,174.28571428571428,11.285714285714286,136.71428571428572
81,2020-05-08,801,142,15,109,225184,101324,8605,26099,727.0,170.71428571428572,11.571428571428571,131.71428571428572
82,2020-05-09,429,89,6,81,225613,101413,8611,26180,713.5714285714286,160.57142857142858,11.428571428571429,121.57142857142857
83,2020-05-10,276,73,13,62,225889,101486,8624,26242,693.8571428571429,149.85714285714286,11.714285714285714,110.57142857142857
84,2020-05-11,522,98,5,80,226411,101584,8629,26322,645.8571428571429,132.0,10.285714285714286,101.0
85,2020-05-12,633,103,5,80,227044,101687,8634,26402,616.7142857142857,120.14285714285714,9.285714285714286,92.28571428571429
86,2020-05-13,751,95,9,61,227795,101782,8643,26463,604.8571428571429,109.42857142857143,9.428571428571429,86.57142857142857
87,2020-05-14,766,102,4,55,228561,101884,8647,26518,596.8571428571429,100.28571428571429,8.142857142857142,75.42857142857143
88,2020-05-15,767,82,6,54,229328,101966,8653,26572,592.0,91.71428571428571,6.857142857142857,67.57142857142857
89,2020-05-16,344,48,3,37,229672,102014,8656,26609,579.8571428571429,85.85714285714286,6.428571428571429,61.285714285714285
90,2020-05-17,237,43,4,31,229909,102057,8660,26640,574.2857142857143,81.57142857142857,5.142857142857143,56.857142857142854
91,2020-05-18,598,80,10,41,230507,102137,8670,26681,585.1428571428571,79.0,5.857142857142857,51.285714285714285
92,2020-05-19,812,54,5,40,231319,102191,8675,26721,610.7142857142857,72.0,5.857142857142857,45.57142857142857
93,2020-05-20,741,73,3,43,232060,102264,8678,26764,609.2857142857143,68.85714285714286,5.0,43.0
94,2020-05-21,777,69,6,43,232837,102333,8684,26807,610.8571428571429,64.14285714285714,5.285714285714286,41.285714285714285
95,2020-05-22,778,59,6,48,233615,102392,8690,26855,612.4285714285714,60.857142857142854,5.285714285714286,40.42857142857143
96,2020-05-23,302,37,4,42,233917,102429,8694,26897,606.4285714285714,59.285714285714285,5.428571428571429,41.142857142857146
97,2020-05-24,260,36,1,25,234177,102465,8695,26922,609.7142857142857,58.285714285714285,5.0,40.285714285714285
98,2020-05-25,530,58,7,46,234707,102523,8702,26968,600.0,55.142857142857146,4.571428571428571,41.0
99,2020-05-26,732,61,5,41,235439,102584,8707,27009,588.5714285714286,56.142857142857146,4.571428571428571,41.142857142857146
100,2020-05-27,603,42,4,30,236042,102626,8711,27039,568.8571428571429,51.714285714285715,4.714285714285714,39.285714285714285
101,2020-05-28,639,55,3,32,236681,102681,8714,27071,549.1428571428571,49.714285714285715,4.285714285714286,37.714285714285715
102,2020-05-29,701,57,6,32,237382,102738,8720,27103,538.1428571428571,49.42857142857143,4.285714285714286,35.42857142857143
103,2020-05-30,332,49,3,24,237714,102787,8723,27127,542.4285714285714,51.142857142857146,4.142857142857143,32.857142857142854
104,2020-05-31,175,25,2,25,237889,102812,8725,27152,530.2857142857143,49.57142857142857,4.285714285714286,32.857142857142854
105,2020-06-01,340,38,2,20,238229,102850,8727,27172,503.14285714285717,46.714285714285715,3.5714285714285716,29.142857142857142
106,2020-06-02,462,51,3,27,238691,102901,8730,27199,464.57142857142856,45.285714285714285,3.2857142857142856,27.142857142857142
107,2020-06-03,577,52,6,30,239268,102953,8736,27229,460.85714285714283,46.714285714285715,3.5714285714285716,27.142857142857142
108,2020-06-04,484,35,5,28,239752,102988,8741,27257,438.7142857142857,43.857142857142854,3.857142857142857,26.571428571428573
109,2020-06-05,638,46,5,14,240390,103034,8746,27271,429.7142857142857,42.285714285714285,3.7142857142857144,24.0
110,2020-06-06,256,29,1,20,240646,103063,8747,27291,418.85714285714283,39.42857142857143,3.4285714285714284,23.428571428571427
111,2020-06-07,142,24,3,12,240788,103087,8750,27303,414.14285714285717,39.285714285714285,3.5714285714285716,21.571428571428573
112,2020-06-08,332,40,2,18,241120,103127,8752,27321,413.0,39.57142857142857,3.5714285714285716,21.285714285714285
113,2020-06-09,430,30,1,8,241550,103157,8753,27329,408.42857142857144,36.57142857142857,3.2857142857142856,18.571428571428573
114,2020-06-10,438,28,3,17,241988,103185,8756,27346,388.57142857142856,33.142857142857146,2.857142857142857,16.714285714285715
115,2020-06-11,374,27,5,16,242362,103212,8761,27362,372.85714285714283,32.0,2.857142857142857,15.0
116,2020-06-12,480,33,5,12,242842,103245,8766,27374,350.2857142857143,30.142857142857142,2.857142857142857,14.714285714285714
117,2020-06-13,122,19,1,14,242964,103264,8767,27388,331.14285714285717,28.714285714285715,2.857142857142857,13.857142857142858
118,2020-06-14,83,16,0,12,243047,103280,8767,27400,322.7142857142857,27.571428571428573,2.4285714285714284,13.857142857142858
119,2020-06-15,285,30,4,12,243332,103310,8771,27412,316.0,26.142857142857142,2.7142857142857144,13.0
120,2020-06-16,378,21,4,7,243710,103331,8775,27419,308.57142857142856,24.857142857142858,3.142857142857143,12.857142857142858
121,2020-06-17,341,24,3,16,244051,103355,8778,27435,294.7142857142857,24.285714285714285,3.142857142857143,12.714285714285714
122,2020-06-18,354,30,2,6,244405,103385,8780,27441,291.85714285714283,24.714285714285715,2.7142857142857144,11.285714285714286
123,2020-06-19,339,31,2,12,244744,103416,8782,27453,271.7142857142857,24.428571428571427,2.2857142857142856,11.285714285714286
124,2020-06-20,226,23,2,10,244970,103439,8784,27463,286.57142857142856,25.0,2.4285714285714284,10.714285714285714
125,2020-06-21,163,11,1,5,245133,103450,8785,27468,298.0,24.285714285714285,2.5714285714285716,9.714285714285714
126,2020-06-22,239,25,3,1,245372,103475,8788,27469,291.42857142857144,23.571428571428573,2.4285714285714284,8.142857142857142
127,2020-06-23,426,21,3,6,245798,103496,8791,27475,298.2857142857143,23.571428571428573,2.2857142857142856,8.0
128,2020-06-24,324,24,4,6,246122,103520,8795,27481,295.85714285714283,23.571428571428573,2.4285714285714284,6.571428571428571
129,2020-06-25,349,30,3,8,246471,103550,8798,27489,295.14285714285717,23.571428571428573,2.5714285714285716,6.857142857142857
130,2020-06-26,479,23,2,5,246950,103573,8800,27494,315.14285714285717,22.428571428571427,2.5714285714285716,5.857142857142857
131,2020-06-27,248,22,2,1,247198,103595,8802,27495,318.2857142857143,22.285714285714285,2.5714285714285716,4.571428571428571
132,2020-06-28,185,11,0,4,247383,103606,8802,27499,321.42857142857144,22.285714285714285,2.4285714285714284,4.428571428571429
133,2020-06-29,272,27,3,4,247655,103633,8805,27503,326.14285714285717,22.571428571428573,2.4285714285714284,4.857142857142857
134,2020-06-30,441,23,2,4,248096,103656,8807,27507,328.2857142857143,22.857142857142858,2.2857142857142856,4.571428571428571
135,2020-07-01,448,13,1,4,248544,103669,8808,27511,346.0,21.285714285714285,1.8571428571428572,4.285714285714286
136,2020-07-02,483,20,1,1,249027,103689,8809,27512,365.14285714285717,19.857142857142858,1.5714285714285714,3.2857142857142856
137,2020-07-03,586,33,3,2,249613,103722,8812,27514,380.42857142857144,21.285714285714285,1.7142857142857142,2.857142857142857
138,2020-07-04,290,28,3,4,249903,103750,8815,27518,386.42857142857144,22.142857142857142,1.8571428571428572,3.2857142857142856
139,2020-07-05,204,17,1,0,250107,103767,8816,27518,389.14285714285717,23.0,2.0,2.7142857142857144
140,2020-07-06,339,28,2,1,250446,103795,8818,27519,398.7142857142857,23.142857142857142,1.8571428571428572,2.2857142857142856
141,2020-07-07,709,40,2,3,251155,103835,8820,27522,437.0,25.571428571428573,1.8571428571428572,2.142857142857143
142,2020-07-08,737,26,3,0,251892,103861,8823,27522,478.2857142857143,27.428571428571427,2.142857142857143,1.5714285714285714
143,2020-07-09,844,38,3,1,252736,103899,8826,27523,529.8571428571429,30.0,2.4285714285714284,1.5714285714285714
144,2020-07-10,1126,40,3,4,253862,103939,8829,27527,607.0,31.0,2.4285714285714284,1.8571428571428572
145,2020-07-11,617,31,3,4,254479,103970,8832,27531,653.7142857142857,31.428571428571427,2.4285714285714284,1.8571428571428572
146,2020-07-12,383,27,1,2,254862,103997,8833,27533,679.2857142857143,32.857142857142854,2.4285714285714284,2.142857142857143
147,2020-07-13,830,44,5,0,255692,104041,8838,27533,749.4285714285714,35.142857142857146,2.857142857142857,2.0
148,2020-07-14,1228,55,3,0,256920,104096,8841,27533,823.5714285714286,37.285714285714285,3.0,1.5714285714285714
149,2020-07-15,1553,44,2,3,258473,104140,8843,27536,940.1428571428571,39.857142857142854,2.857142857142857,2.0
150,2020-07-16,1634,63,3,2,260107,104203,8846,27538,1053.0,43.42857142857143,2.857142857142857,2.142857142857143
151,2020-07-17,2066,77,4,2,262173,104280,8850,27540,1187.2857142857142,48.714285714285715,3.0,1.8571428571428572
152,2020-07-18,1514,42,2,2,263687,104322,8852,27542,1315.4285714285713,50.285714285714285,2.857142857142857,1.5714285714285714
153,2020-07-19,1194,52,2,4,264881,104374,8854,27546,1431.2857142857142,53.857142857142854,3.0,1.8571428571428572
154,2020-07-20,1578,63,4,6,266459,104437,8858,27552,1538.142857142857,56.57142857142857,2.857142857142857,2.7142857142857144
155,2020-07-21,2345,62,2,8,268804,104499,8860,27560,1697.7142857142858,57.57142857142857,2.7142857142857144,3.857142857142857
156,2020-07-22,2356,102,8,4,271160,104601,8868,27564,1812.4285714285713,65.85714285714286,3.5714285714285716,4.0
157,2020-07-23,2367,89,3,3,273527,104690,8871,27567,1917.142857142857,69.57142857142857,3.5714285714285716,4.142857142857143
158,2020-07-24,2798,94,1,6,276325,104784,8872,27573,2021.7142857142858,72.0,3.142857142857143,4.714285714285714
159,2020-07-25,1702,99,2,11,278027,104883,8874,27584,2048.5714285714284,80.14285714285714,3.142857142857143,6.0
160,2020-07-26,1430,90,8,7,279457,104973,8882,27591,2082.285714285714,85.57142857142857,4.0,6.428571428571429
161,2020-07-27,1989,154,13,8,281446,105127,8895,27599,2141.0,98.57142857142857,5.285714285714286,6.714285714285714
162,2020-07-28,2847,132,11,12,284293,105259,8906,27611,2212.714285714286,108.57142857142857,6.571428571428571,7.285714285714286
163,2020-07-29,3102,165,9,9,287395,105424,8915,27620,2319.285714285714,117.57142857142857,6.714285714285714,8.0
164,2020-07-30,3356,163,10,11,290751,105587,8925,27631,2460.5714285714284,128.14285714285714,7.714285714285714,9.142857142857142
165,2020-07-31,3691,179,14,14,294442,105766,8939,27645,2588.1428571428573,140.28571428571428,9.571428571428571,10.285714285714286
166,2020-08-01,2958,181,10,11,297400,105947,8949,27656,2767.5714285714284,152.0,10.714285714285714,10.285714285714286
167,2020-08-02,1871,154,17,11,299271,106101,8966,27667,2830.5714285714284,161.14285714285714,12.0,10.857142857142858
168,2020-08-03,2648,213,14,8,301919,106314,8980,27675,2924.714285714286,169.57142857142858,12.142857142857142,10.857142857142858
169,2020-08-04,4383,212,13,13,306302,106526,8993,27688,3144.1428571428573,181.0,12.428571428571429,11.0
170,2020-08-05,4256,242,18,9,310558,106768,9011,27697,3309.0,192.0,13.714285714285714,11.0
171,2020-08-06,4825,280,23,22,315383,107048,9034,27719,3518.8571428571427,208.71428571428572,15.571428571428571,12.571428571428571
172,2020-08-07,5461,291,30,17,320844,107339,9064,27736,3771.714285714286,224.71428571428572,17.857142857142858,13.0
173,2020-08-08,3390,234,12,26,324234,107573,9076,27762,3833.4285714285716,232.28571428571428,18.142857142857142,15.142857142857142
174,2020-08-09,2617,224,19,16,326851,107797,9095,27778,3940.0,242.28571428571428,18.428571428571427,15.857142857142858
175,2020-08-10,3693,350,20,27,330544,108147,9115,27805,4089.285714285714,261.85714285714283,19.285714285714285,18.571428571428573
176,2020-08-11,5836,369,22,26,336380,108516,9137,27831,4296.857142857143,284.2857142857143,20.571428571428573,20.428571428571427
177,2020-08-12,6312,413,25,25,342692,108929,9162,27856,4590.571428571428,308.7142857142857,21.571428571428573,22.714285714285715
178,2020-08-13,6945,445,35,23,349637,109374,9197,27879,4893.428571428572,332.2857142857143,23.285714285714285,22.857142857142858
179,2020-08-14,8274,448,36,36,357911,109822,9233,27915,5295.285714285715,354.7142857142857,24.142857142857142,25.571428571428573
180,2020-08-15,4799,346,26,26,362710,110168,9259,27941,5496.571428571428,370.7142857142857,26.142857142857142,25.571428571428573
181,2020-08-16,3264,358,28,18,365974,110526,9287,27959,5589.0,389.85714285714283,27.428571428571427,25.857142857142858
182,2020-08-17,4952,500,34,26,370926,111026,9321,27985,5768.857142857143,411.2857142857143,29.428571428571427,25.714285714285715
183,2020-08-18,8372,516,46,41,379298,111542,9367,28026,6131.142857142857,432.2857142857143,32.857142857142854,27.857142857142858
184,2020-08-19,8569,576,44,45,387867,112118,9411,28071,6453.571428571428,455.57142857142856,35.57142857142857,30.714285714285715
185,2020-08-20,8887,558,42,33,396754,112676,9453,28104,6731.0,471.7142857142857,36.57142857142857,32.142857142857146
186,2020-08-21,10365,581,50,42,407119,113257,9503,28146,7029.714285714285,490.7142857142857,38.57142857142857,33.0
187,2020-08-22,6060,485,31,40,413179,113742,9534,28186,7209.857142857143,510.57142857142856,39.285714285714285,35.0
188,2020-08-23,4255,499,44,45,417434,114241,9578,28231,7351.428571428572,530.7142857142857,41.57142857142857,38.857142857142854
189,2020-08-24,5921,659,60,52,423355,114900,9638,28283,7489.857142857143,553.4285714285714,45.285714285714285,42.57142857142857
190,2020-08-25,10218,708,46,42,433573,115608,9684,28325,7753.571428571428,580.8571428571429,45.285714285714285,42.714285714285715
191,2020-08-26,10194,651,45,47,443767,116259,9729,28372,7985.714285714285,591.5714285714286,45.42857142857143,43.0
192,2020-08-27,10208,698,63,43,453975,116957,9792,28415,8174.428571428572,611.5714285714286,48.42857142857143,44.42857142857143
193,2020-08-28,11836,755,61,62,465811,117712,9853,28477,8384.57142857143,636.4285714285714,50.0,47.285714285714285
194,2020-08-29,6789,564,59,49,472600,118276,9912,28526,8488.714285714286,647.7142857142857,54.0,48.57142857142857
195,2020-08-30,5124,496,48,53,477724,118772,9960,28579,8612.857142857143,647.2857142857143,54.57142857142857,49.714285714285715
196,2020-08-31,6597,707,56,58,484321,119479,10016,28637,8709.42857142857,654.1428571428571,54.0,50.57142857142857
197,2020-09-01,10354,730,56,63,494675,120209,10072,28700,8728.857142857143,657.2857142857143,55.42857142857143,53.57142857142857
198,2020-09-02,10634,753,69,78,505309,120962,10141,28778,8791.714285714286,671.8571428571429,58.857142857142854,58.0
199,2020-09-03,10808,754,73,77,516117,121716,10214,28855,8877.42857142857,679.8571428571429,60.285714285714285,62.857142857142854
200,2020-09-04,13034,866,65,75,529151,122582,10279,28930,9048.57142857143,695.7142857142857,60.857142857142854,64.71428571428571
201,2020-09-05,7771,624,49,60,536922,123206,10328,28990,9188.857142857143,704.2857142857143,59.42857142857143,66.28571428571429
202,2020-09-06,5443,561,63,63,542365,123767,10391,29053,9234.42857142857,713.5714285714286,61.57142857142857,67.71428571428571
203,2020-09-07,6961,805,64,73,549326,124572,10455,29126,9286.42857142857,727.5714285714286,62.714285714285715,69.85714285714286
204,2020-09-08,11791,878,68,85,561117,125450,10523,29211,9491.714285714286,748.7142857142857,64.42857142857143,73.0
205,2020-09-09,12686,841,59,88,573803,126291,10582,29299,9784.857142857143,761.2857142857143,63.0,74.42857142857143
206,2020-09-10,12867,869,54,90,586670,127160,10636,29389,10079.0,777.7142857142857,60.285714285714285,76.28571428571429
207,2020-09-11,14250,1005,71,95,600920,128165,10707,29484,10252.714285714286,797.5714285714286,61.142857142857146,79.14285714285714
208,2020-09-12,8207,809,63,94,609127,128974,10770,29578,10315.0,824.0,63.142857142857146,84.0
209,2020-09-13,6313,663,63,97,615440,129637,10833,29675,10439.285714285714,838.5714285714286,63.142857142857146,88.85714285714286
210,2020-09-14,8111,1013,71,100,623551,130650,10904,29775,10603.57142857143,868.2857142857143,64.14285714285714,92.71428571428571
211,2020-09-15,13752,982,83,127,637303,131632,10987,29902,10883.714285714286,883.1428571428571,66.28571428571429,98.71428571428571
212,2020-09-16,13949,940,72,104,651252,132572,11059,30006,11064.142857142857,897.2857142857143,68.14285714285714,101.0
213,2020-09-17,13711,959,73,120,664963,133531,11132,30126,11184.714285714286,910.1428571428571,70.85714285714286,105.28571428571429
214,2020-09-18,16685,1026,92,111,681648,134557,11224,30237,11532.57142857143,913.1428571428571,73.85714285714286,107.57142857142857
215,2020-09-19,8325,717,61,113,689973,135274,11285,30350,11549.42857142857,900.0,73.57142857142857,110.28571428571429
216,2020-09-20,5811,630,70,96,695784,135904,11355,30446,11477.714285714286,895.2857142857143,74.57142857142857,110.14285714285714
217,2020-09-21,7935,935,71,121,703719,136839,11426,30567,11452.57142857143,884.1428571428571,74.57142857142857,113.14285714285714
218,2020-09-22,12789,1006,78,120,716508,137845,11504,30687,11315.0,887.5714285714286,73.85714285714286,112.14285714285714
219,2020-09-23,12672,901,72,102,729180,138746,11576,30789,11132.57142857143,882.0,73.85714285714286,111.85714285714286
220,2020-09-24,12585,916,64,130,741765,139662,11640,30919,10971.714285714286,875.8571428571429,72.57142857142857,113.28571428571429
221,2020-09-25,13484,890,72,128,755249,140552,11712,31047,10514.42857142857,856.4285714285714,69.71428571428571,115.71428571428571
222,2020-09-26,7652,609,50,108,762901,141161,11762,31155,10418.285714285714,841.0,68.14285714285714,115.0
223,2020-09-27,5000,568,53,105,767901,141729,11815,31260,10302.42857142857,832.1428571428571,65.71428571428571,116.28571428571429
224,2020-09-28,7036,792,82,132,774937,142521,11897,31392,10174.0,811.7142857142857,67.28571428571429,117.85714285714286
225,2020-09-29,11279,866,69,143,786216,143387,11966,31535,9958.285714285714,791.7142857142857,66.0,121.14285714285714
226,2020-09-30,11118,831,73,151,797334,144218,12039,31686,9736.285714285714,781.7142857142857,66.14285714285714,128.14285714285714
227,2020-10-01,10902,813,64,121,808236,145031,12103,31807,9495.857142857143,767.0,66.14285714285714,126.85714285714286
228,2020-10-02,12276,877,68,138,820512,145908,12171,31945,9323.285714285714,765.1428571428571,65.57142857142857,128.28571428571428
229,2020-10-03,6793,570,65,95,827305,146478,12236,32040,9200.57142857143,759.5714285714286,67.71428571428571,126.42857142857143
230,2020-10-04,5029,543,41,86,832334,147021,12277,32126,9204.714285714286,756.0,66.0,123.71428571428571
231,2020-10-05,8771,801,61,120,841105,147822,12338,32246,9452.57142857143,757.2857142857143,63.0,122.0
232,2020-10-06,12132,835,82,121,853237,148657,12420,32367,9574.42857142857,752.8571428571429,64.85714285714286,118.85714285714286
233,2020-10-07,12267,819,68,129,865504,149476,12488,32496,9738.57142857143,751.1428571428571,64.14285714285714,115.71428571428571
234,2020-10-08,13691,900,76,126,879195,150376,12564,32622,10137.0,763.5714285714286,65.85714285714286,116.42857142857143
235,2020-10-09,14616,934,57,150,893811,151310,12621,32772,10471.285714285714,771.7142857142857,64.28571428571429,118.14285714285714
236,2020-10-10,8620,690,51,128,902431,152000,12672,32900,10732.285714285714,788.8571428571429,62.285714285714285,122.85714285714286
237,2020-10-11,6703,708,57,112,909134,152708,12729,33012,10971.42857142857,812.4285714285714,64.57142857142857,126.57142857142857
238,2020-10-12,6248,682,55,117,915382,153390,12784,33129,10611.0,795.4285714285714,63.714285714285715,126.14285714285714
239,2020-10-13,12276,972,71,141,927658,154362,12855,33270,10631.57142857143,815.0,62.142857142857146,129.0
240,2020-10-14,16113,1048,93,134,943771,155410,12948,33404,11181.0,847.7142857142857,65.71428571428571,129.71428571428572
241,2020-10-15,17370,1012,80,143,961141,156422,13028,33547,11706.57142857143,863.7142857142857,66.28571428571429,132.14285714285714
242,2020-10-16,18115,1092,86,141,979256,157514,13114,33688,12206.42857142857,886.2857142857143,70.42857142857143,130.85714285714286
243,2020-10-17,11811,837,105,127,991067,158351,13219,33815,12662.285714285714,907.2857142857143,78.14285714285714,130.71428571428572
244,2020-10-18,8149,822,73,144,999216,159173,13292,33959,12868.857142857143,923.5714285714286,80.42857142857143,135.28571428571428
245,2020-10-19,15476,1152,121,163,1014692,160325,13413,34122,14187.142857142857,990.7142857142857,89.85714285714286,141.85714285714286
246,2020-10-20,20663,1201,83,177,1035355,161526,13496,34299,15385.285714285714,1023.4285714285714,91.57142857142857,147.0
247,2020-10-21,23076,1229,98,164,1058431,162755,13594,34463,16380.0,1049.2857142857142,92.28571428571429,151.28571428571428
248,2020-10-22,23594,1309,107,203,1082025,164064,13701,34666,17269.14285714286,1091.7142857142858,96.14285714285714,159.85714285714286
249,2020-10-23,24812,1350,109,210,1106837,165414,13810,34876,18225.85714285714,1128.5714285714287,99.42857142857143,169.71428571428572
250,2020-10-24,15288,1126,96,187,1122125,166540,13906,35063,18722.571428571428,1169.857142857143,98.14285714285714,178.28571428571428
251,2020-10-25,11162,983,84,179,1133287,167523,13990,35242,19153.0,1192.857142857143,99.71428571428571,183.28571428571428
252,2020-10-26,19800,1394,118,209,1153087,168917,14108,35451,19770.714285714286,1227.4285714285713,99.28571428571429,189.85714285714286
253,2020-10-27,24138,1460,116,228,1177225,170377,14224,35679,20267.14285714286,1264.4285714285713,104.0,197.14285714285714
254,2020-10-28,24337,1400,133,239,1201562,171777,14357,35918,20447.285714285714,1288.857142857143,109.0,207.85714285714286
255,2020-10-29,23942,1443,133,253,1225504,173220,14490,36171,20497.0,1308.0,112.71428571428571,215.0
256,2020-10-30,24760,1561,135,258,1250264,174781,14625,36429,20489.571428571428,1338.142857142857,116.42857142857143,221.85714285714286
257,2020-10-31,15937,1151,105,260,1266201,175932,14730,36689,20582.285714285714,1341.7142857142858,117.71428571428571,232.28571428571428
258,2020-11-01,10808,1123,113,258,1277009,177055,14843,36947,20531.714285714286,1361.7142857142858,121.85714285714286,243.57142857142858
259,2020-11-02,15231,1384,126,293,1292240,178439,14969,37240,19879.0,1360.2857142857142,123.0,255.57142857142858
260,2020-11-03,21691,1541,128,313,1313931,179980,15097,37553,19529.428571428572,1371.857142857143,124.71428571428571,267.7142857142857
261,2020-11-04,23735,1517,124,351,1337666,181497,15221,37904,19443.428571428572,1388.5714285714287,123.42857142857143,283.7142857142857
262,2020-11-05,23238,1435,149,328,1360904,182932,15370,38232,19342.85714285714,1387.4285714285713,125.71428571428571,294.42857142857144
263,2020-11-06,23145,1526,133,346,1384049,184458,15503,38578,19112.14285714286,1382.4285714285713,125.42857142857143,307.0
264,2020-11-07,14414,1182,122,276,1398463,185640,15625,38854,18894.571428571428,1386.857142857143,127.85714285714286,309.2857142857143
265,2020-11-08,9728,989,125,309,1408191,186629,15750,39163,18740.285714285714,1367.7142857142858,129.57142857142858,316.57142857142856
266,2020-11-09,16260,1472,139,313,1424451,188101,15889,39476,18887.285714285714,1380.2857142857142,131.42857142857142,319.42857142857144
267,2020-11-10,20323,1535,158,335,1444774,189636,16047,39811,18691.85714285714,1379.4285714285713,135.71428571428572,322.57142857142856
268,2020-11-11,19736,1432,134,356,1464510,191068,16181,40167,18120.571428571428,1367.2857142857142,137.14285714285714,323.2857142857143
269,2020-11-12,18889,1328,117,349,1483399,192396,16298,40516,17499.285714285714,1352.0,132.57142857142858,326.2857142857143
270,2020-11-13,18219,1381,149,337,1501618,193777,16447,40853,16795.571428571428,1331.2857142857142,134.85714285714286,325.0
271,2020-11-14,10434,1017,105,295,1512052,194794,16552,41148,16227.0,1307.7142857142858,132.42857142857142,327.7142857142857
272,2020-11-15,6605,847,108,274,1518657,195641,16660,41422,15780.857142857143,1287.4285714285713,130.0,322.7142857142857
273,2020-11-16,12582,1323,116,307,1531239,196964,16776,41729,15255.42857142857,1266.142857142857,126.71428571428571,321.85714285714283
274,2020-11-17,15630,1281,112,366,1546869,198245,16888,42095,14585.0,1229.857142857143,120.14285714285714,326.2857142857143
275,2020-11-18,14588,1115,98,289,1561457,199360,16986,42384,13849.57142857143,1184.5714285714287,115.0,316.7142857142857
276,2020-11-19,13021,1040,112,304,1574478,200400,17098,42688,13011.285714285714,1143.4285714285713,114.28571428571429,310.2857142857143
277,2020-11-20,12450,1062,94,310,1586928,201462,17192,42998,12187.142857142857,1097.857142857143,106.42857142857143,306.42857142857144
278,2020-11-21,7129,755,84,263,1594057,202217,17276,43261,11715.0,1060.4285714285713,103.42857142857143,301.85714285714283
279,2020-11-22,4539,614,63,233,1598596,202831,17339,43494,11419.857142857143,1027.142857142857,97.0,296.0
280,2020-11-23,9012,907,105,287,1607608,203738,17444,43781,10909.857142857143,967.7142857142857,95.42857142857143,293.14285714285717
281,2020-11-24,10803,897,88,234,1618411,204635,17532,44015,10220.285714285714,912.8571428571429,92.0,274.2857142857143
282,2020-11-25,9878,842,97,284,1628289,205477,17629,44299,9547.42857142857,873.8571428571429,91.85714285714286,273.57142857142856
283,2020-11-26,9557,806,91,277,1637846,206283,17720,44576,9052.57142857143,840.4285714285714,88.85714285714286,269.7142857142857
284,2020-11-27,9821,791,58,259,1647667,207074,17778,44835,8677.0,801.7142857142857,83.71428571428571,262.42857142857144
285,2020-11-28,5466,599,62,207,1653133,207673,17840,45042,8439.42857142857,779.4285714285714,80.57142857142857,254.42857142857142
286,2020-11-29,3384,503,70,201,1656517,208176,17910,45243,8274.42857142857,763.5714285714286,81.57142857142857,249.85714285714286
287,2020-11-30,7336,708,79,220,1663853,208884,17989,45463,8035.0,735.1428571428571,77.85714285714286,240.28571428571428
288,2020-12-01,9406,731,61,221,1673259,209615,18050,45684,7835.428571428572,711.4285714285714,74.0,238.42857142857142
289,2020-12-02,8752,649,63,216,1682011,210264,18113,45900,7674.571428571428,683.8571428571429,69.14285714285714,228.71428571428572
290,2020-12-03,8063,621,50,221,1690074,210885,18163,46121,7461.142857142857,657.4285714285714,63.285714285714285,220.71428571428572
291,2020-12-04,8325,639,62,217,1698399,211524,18225,46338,7247.428571428572,635.7142857142857,63.857142857142854,214.71428571428572
292,2020-12-05,4897,444,39,176,1703296,211968,18264,46514,7166.142857142857,613.5714285714286,60.57142857142857,210.28571428571428
293,2020-12-06,3232,428,48,143,1706528,212396,18312,46657,7144.428571428572,602.8571428571429,57.42857142857143,202.0
294,2020-12-07,5158,537,55,185,1711686,212933,18367,46842,6833.285714285715,578.4285714285714,54.0,197.0
295,2020-12-08,3986,499,50,141,1715672,213432,18417,46983,6059.0,545.2857142857143,52.42857142857143,185.57142857142858
296,2020-12-09,8310,669,73,219,1723982,214101,18490,47202,5995.857142857143,548.1428571428571,53.857142857142854,186.0
297,2020-12-10,10647,643,68,179,1734629,214744,18558,47381,6365.0,551.2857142857143,56.42857142857143,180.0
298,2020-12-11,11182,712,59,201,1745811,215456,18617,47582,6773.142857142857,561.7142857142857,56.0,177.71428571428572
299,2020-12-12,6533,524,66,167,1752344,215980,18683,47749,7006.857142857143,573.1428571428571,59.857142857142854,176.42857142857142
300,2020-12-13,4216,462,40,139,1756560,216442,18723,47888,7147.428571428572,578.0,58.714285714285715,175.85714285714286
301,2020-12-14,9797,714,61,140,1766357,217156,18784,48028,7810.142857142857,603.2857142857143,59.57142857142857,169.42857142857142
302,2020-12-15,12068,687,54,181,1778425,217843,18838,48209,8964.714285714286,630.1428571428571,60.142857142857146,175.14285714285714
303,2020-12-16,11645,719,65,144,1790070,218562,18903,48353,9441.142857142857,637.2857142857143,59.0,164.42857142857142
304,2020-12-17,10899,653,61,170,1800969,219215,18964,48523,9477.142857142857,638.7142857142857,58.0,163.14285714285714
305,2020-12-18,12141,705,57,171,1813110,219920,19021,48694,9614.142857142857,637.7142857142857,57.714285714285715,158.85714285714286
306,2020-12-19,6869,490,57,126,1819979,220410,19078,48820,9662.142857142857,632.8571428571429,56.42857142857143,153.0
307,2020-12-20,4324,519,42,136,1824303,220929,19120,48956,9677.57142857143,641.0,56.714285714285715,152.57142857142858
308,2020-12-21,10894,756,57,133,1835197,221685,19177,49089,9834.285714285714,647.0,56.142857142857146,151.57142857142858
309,2020-12-22,13288,777,65,175,1848485,222462,19242,49264,10008.57142857143,659.8571428571429,57.714285714285715,150.71428571428572
310,2020-12-23,14337,759,74,185,1862822,223221,19316,49449,10393.142857142857,665.5714285714286,59.0,156.57142857142858
311,2020-12-24,9884,581,60,147,1872706,223802,19376,49596,10248.142857142857,655.2857142857143,58.857142857142854,153.28571428571428
312,2020-12-25,4787,516,59,128,1877493,224318,19435,49724,9197.57142857143,628.2857142857143,59.142857142857146,147.14285714285714
313,2020-12-26,6307,572,82,158,1883800,224890,19517,49882,9117.285714285714,640.0,62.714285714285715,151.71428571428572
314,2020-12-27,5934,674,79,150,1889734,225564,19596,50032,9347.285714285714,662.1428571428571,68.0,153.71428571428572
315,2020-12-28,14964,901,75,189,1904698,226465,19671,50221,9928.714285714286,682.8571428571429,70.57142857142857,161.71428571428572
316,2020-12-29,18696,849,84,159,1923394,227314,19755,50380,10701.285714285714,693.1428571428571,73.28571428571429,159.42857142857142
317,2020-12-30,20903,909,68,190,1944297,228223,19823,50570,11639.285714285714,714.5714285714286,72.42857142857143,160.14285714285714
318,2020-12-31,15454,703,78,187,1959751,228926,19901,50757,12435.0,732.0,75.0,165.85714285714286
319,2021-01-01,7498,725,75,167,1967249,229651,19976,50924,12822.285714285714,761.8571428571429,77.28571428571429,171.42857142857142
320,2021-01-02,10213,784,76,181,1977462,230435,20052,51105,13380.285714285714,792.1428571428571,76.42857142857143,174.71428571428572
321,2021-01-03,9667,888,70,172,1987129,231323,20122,51277,13913.57142857143,822.7142857142857,75.14285714285714,177.85714285714286
322,2021-01-04,21742,1265,106,184,2008871,232588,20228,51461,14881.857142857143,874.7142857142857,79.57142857142857,177.14285714285714
323,2021-01-05,30338,1265,119,237,2039209,233853,20347,51698,16545.0,934.1428571428571,84.57142857142857,188.28571428571428
324,2021-01-06,14390,939,103,181,2053599,234792,20450,51879,15614.57142857143,938.4285714285714,89.57142857142857,187.0
325,2021-01-07,26447,1280,123,229,2080046,236072,20573,52108,17185.0,1020.8571428571429,96.0,193.0
326,2021-01-08,32454,1354,132,245,2112500,237426,20705,52353,20750.14285714286,1110.7142857142858,104.14285714285714,204.14285714285714
327,2021-01-09,19083,936,102,218,2131583,238362,20807,52571,22017.285714285714,1132.4285714285713,107.85714285714286,209.42857142857142
328,2021-01-10,13715,1142,129,230,2145298,239504,20936,52801,22595.571428571428,1168.7142857142858,116.28571428571429,217.71428571428572
329,2021-01-11,31965,1674,157,289,2177263,241178,21093,53090,24056.0,1227.142857142857,123.57142857142857,232.71428571428572
330,2021-01-12,37018,1765,176,282,2214281,242943,21269,53372,25010.285714285714,1298.5714285714287,131.71428571428572,239.14285714285714
331,2021-01-13,38476,1919,178,291,2252757,244862,21447,53663,28451.14285714286,1438.5714285714287,142.42857142857142,254.85714285714286
332,2021-01-14,37984,2025,192,305,2290741,246887,21639,53968,30099.285714285714,1545.0,152.28571428571428,265.7142857142857
333,2021-01-15,42483,2162,191,382,2333224,249049,21830,54350,31532.0,1660.4285714285713,160.71428571428572,285.2857142857143
334,2021-01-16,24724,1787,176,351,2357948,250836,22006,54701,32337.85714285714,1782.0,171.28571428571428,304.2857142857143
335,2021-01-17,18425,1741,164,353,2376373,252577,22170,55054,33010.71428571428,1867.5714285714287,176.28571428571428,321.85714285714283
336,2021-01-18,35346,2534,250,405,2411719,255111,22420,55459,33493.71428571428,1990.4285714285713,189.57142857142858,338.42857142857144
337,2021-01-19,41928,2534,225,478,2453647,257645,22645,55937,34195.142857142855,2100.285714285714,196.57142857142858,366.42857142857144
338,2021-01-20,41494,2485,237,447,2495141,260130,22882,56384,34626.28571428572,2181.1428571428573,205.0,388.7142857142857
339,2021-01-21,40386,2549,241,477,2535527,262679,23123,56861,34969.42857142857,2256.0,212.0,413.2857142857143
340,2021-01-22,41738,2511,235,560,2577265,265190,23358,57421,34863.0,2305.8571428571427,218.28571428571428,438.7142857142857
341,2021-01-23,23605,1928,203,445,2600870,267118,23561,57866,34703.142857142855,2326.0,222.14285714285714,452.14285714285717
342,2021-01-24,17144,1790,168,505,2618014,268908,23729,58371,34520.142857142855,2333.0,222.71428571428572,473.85714285714283
343,2021-01-25,32343,2560,229,516,2650357,271468,23958,58887,34091.142857142855,2336.714285714286,219.71428571428572,489.7142857142857
344,2021-01-26,37104,2460,221,535,2687461,273928,24179,59422,33402.0,2326.1428571428573,219.14285714285714,497.85714285714283
345,2021-01-27,35349,2363,230,583,2722810,276291,24409,60005,32524.14285714286,2308.714285714286,218.14285714285714,517.2857142857143
346,2021-01-28,32912,2290,215,564,2755722,278581,24624,60569,31456.428571428572,2271.714285714286,214.42857142857142,529.7142857142857
347,2021-01-29,31976,2252,226,522,2787698,280833,24850,61091,30061.85714285714,2234.714285714286,213.14285714285714,524.2857142857143
348,2021-01-30,18006,1656,182,502,2805704,282489,25032,61593,29262.0,2195.8571428571427,210.14285714285714,532.4285714285714
349,2021-01-31,11502,1482,160,451,2817206,283971,25192,62044,28456.0,2151.8571428571427,209.0,524.7142857142857
350,2021-02-01,22218,2015,203,531,2839424,285986,25395,62575,27009.571428571428,2074.0,205.28571428571428,526.8571428571429
351,2021-02-02,25726,1899,191,486,2865150,287885,25586,63061,25384.14285714286,1993.857142857143,201.0,519.8571428571429
352,2021-02-03,23560,1705,183,477,2888710,289590,25769,63538,23700.0,1899.857142857143,194.28571428571428,504.7142857142857
353,2021-02-04,20887,1666,164,454,2909597,291256,25933,63992,21982.14285714286,1810.7142857142858,187.0,489.0
354,2021-02-05,19943,1578,174,436,2929540,292834,26107,64428,20263.14285714286,1714.4285714285713,179.57142857142858,476.7142857142857
355,2021-02-06,10256,1044,112,394,2939796,293878,26219,64822,19156.0,1627.0,169.57142857142858,461.2857142857143
356,2021-02-07,6015,922,104,350,2945811,294800,26323,65172,18372.14285714286,1547.0,161.57142857142858,446.85714285714283
357,2021-02-08,13626,1419,161,397,2959437,296219,26484,65569,17144.714285714286,1461.857142857143,155.57142857142858,427.7142857142857
358,2021-02-09,14970,1274,124,377,2974407,297493,26608,65946,15608.142857142857,1372.5714285714287,146.0,412.14285714285717
359,2021-02-10,12936,1079,100,393,2987343,298572,26708,66339,14090.42857142857,1283.142857142857,134.14285714285714,400.14285714285717
360,2021-02-11,11533,971,107,334,2998876,299543,26815,66673,12754.142857142857,1183.857142857143,126.0,383.0
361,2021-02-12,11360,993,92,317,3010236,300536,26907,66990,11528.0,1100.2857142857142,114.28571428571429,366.0
362,2021-02-13,5529,593,69,259,3015765,301129,26976,67249,10852.714285714286,1035.857142857143,108.14285714285714,346.7142857142857
363,2021-02-14,3414,525,60,209,3019179,301654,27036,67458,10481.142857142857,979.1428571428571,101.85714285714286,326.57142857142856
364,2021-02-15,8649,839,81,248,3027828,302493,27117,67706,9770.142857142857,896.2857142857143,90.42857142857143,305.2857142857143
365,2021-02-16,9617,685,85,267,3037445,303178,27202,67973,9005.42857142857,812.1428571428571,84.85714285714286,289.57142857142856
366,2021-02-17,8351,729,79,235,3045796,303907,27281,68208,8350.42857142857,762.1428571428571,81.85714285714286,267.0
367,2021-02-18,7942,658,81,224,3053738,304565,27362,68432,7837.428571428572,717.4285714285714,78.14285714285714,251.28571428571428
368,2021-02-19,7767,632,73,203,3061505,305197,27435,68635,7324.142857142857,665.8571428571429,75.42857142857143,235.0
369,2021-02-20,3836,421,55,149,3065341,305618,27490,68784,7082.285714285715,641.2857142857143,73.42857142857143,219.28571428571428
370,2021-02-21,2545,404,55,132,3067886,306022,27545,68916,6958.142857142857,624.0,72.71428571428571,208.28571428571428
371,2021-02-22,6696,598,70,194,3074582,306620,27615,69110,6679.142857142857,589.5714285714286,71.14285714285714,200.57142857142858
372,2021-02-23,7173,548,40,168,3081755,307168,27655,69278,6330.0,570.0,64.71428571428571,186.42857142857142
373,2021-02-24,6304,498,58,191,3088059,307666,27713,69469,6037.571428571428,537.0,61.714285714285715,180.14285714285714
374,2021-02-25,5985,502,51,170,3094044,308168,27764,69639,5758.0,514.7142857142857,57.42857142857143,172.42857142857142
375,2021-02-26,6252,543,65,149,3100296,308711,27829,69788,5541.571428571428,502.0,56.285714285714285,164.71428571428572
376,2021-02-27,3107,349,39,138,3103403,309060,27868,69926,5437.428571428572,491.7142857142857,54.0,163.14285714285714
377,2021-02-28,2124,313,40,114,3105527,309373,27908,70040,5377.285714285715,478.7142857142857,51.857142857142854,160.57142857142858
378,2021-03-01,5172,411,43,113,3110699,309784,27951,70153,5159.571428571428,452.0,48.0,149.0
379,2021-03-02,5684,436,73,127,3116383,310220,28024,70280,4946.857142857143,436.0,52.714285714285715,143.14285714285714
380,2021-03-03,5785,428,43,118,3122168,310648,28067,70398,4872.714285714285,426.0,50.57142857142857,132.71428571428572
381,2021-03-04,5398,466,58,118,3127566,311114,28125,70516,4788.857142857143,420.85714285714283,51.57142857142857,125.28571428571429
382,2021-03-05,5538,451,60,107,3133104,311565,28185,70623,4686.857142857143,407.7142857142857,50.857142857142854,119.28571428571429
383,2021-03-06,2713,303,48,93,3135817,311868,28233,70716,4630.571428571428,401.14285714285717,52.142857142857146,112.85714285714286
384,2021-03-07,1920,311,46,80,3137737,312179,28279,70796,4601.428571428572,400.85714285714283,53.0,108.0
385,2021-03-08,4961,476,44,93,3142698,312655,28323,70889,4571.285714285715,410.14285714285717,53.142857142857146,105.14285714285714
386,2021-03-09,5598,407,52,96,3148296,313062,28375,70985,4559.0,406.0,50.142857142857146,100.71428571428571
387,2021-03-10,5456,408,45,93,3153752,313470,28420,71078,4512.0,403.14285714285717,50.42857142857143,97.14285714285714
388,2021-03-11,5304,394,43,79,3159056,313864,28463,71157,4498.571428571428,392.85714285714283,48.285714285714285,91.57142857142857
389,2021-03-12,5767,447,40,95,3164823,314311,28503,71252,4531.285714285715,392.2857142857143,45.42857142857143,89.85714285714286
390,2021-03-13,2792,314,36,64,3167615,314625,28539,71316,4542.571428571428,393.85714285714283,43.714285714285715,85.71428571428571
391,2021-03-14,1957,270,34,58,3169572,314895,28573,71374,4547.857142857143,388.0,42.0,82.57142857142857
392,2021-03-15,5491,405,47,69,3175063,315300,28620,71443,4623.571428571428,377.85714285714283,42.42857142857143,79.14285714285714
393,2021-03-16,6028,410,62,94,3181091,315710,28682,71537,4685.0,378.2857142857143,43.857142857142854,78.85714285714286
394,2021-03-17,5753,444,56,79,3186844,316154,28738,71616,4727.428571428572,383.42857142857144,45.42857142857143,76.85714285714286
395,2021-03-18,6306,402,55,61,3193150,316556,28793,71677,4870.571428571428,384.57142857142856,47.142857142857146,74.28571428571429
396,2021-03-19,4618,367,45,55,3197768,316923,28838,71732,4706.428571428572,373.14285714285717,47.857142857142854,68.57142857142857
397,2021-03-20,2874,314,38,49,3200642,317237,28876,71781,4718.142857142857,373.14285714285717,48.142857142857146,66.42857142857143
398,2021-03-21,2281,303,34,38,3202923,317540,28910,71819,4764.428571428572,377.85714285714283,48.142857142857146,63.57142857142857
399,2021-03-22,6071,488,59,61,3208994,318028,28969,71880,4847.285714285715,389.7142857142857,49.857142857142854,62.42857142857143
400,2021-03-23,7284,437,51,77,3216278,318465,29020,71957,5026.714285714285,393.57142857142856,48.285714285714285,60.0
401,2021-03-24,6785,421,67,48,3223063,318886,29087,72005,5174.142857142857,390.2857142857143,49.857142857142854,55.57142857142857
402,2021-03-25,7218,476,67,58,3230281,319362,29154,72063,5304.428571428572,400.85714285714283,51.57142857142857,55.142857142857146
403,2021-03-26,7529,493,59,75,3237810,319855,29213,72138,5720.285714285715,418.85714285714283,53.57142857142857,58.0
404,2021-03-27,4088,369,47,55,3241898,320224,29260,72193,5893.714285714285,426.7142857142857,54.857142857142854,58.857142857142854
405,2021-03-28,2914,314,46,60,3244812,320538,29306,72253,5984.142857142857,428.2857142857143,56.57142857142857,62.0
406,2021-03-29,7319,527,57,78,3252131,321065,29363,72331,6162.428571428572,433.85714285714283,56.285714285714285,64.42857142857143
407,2021-03-30,8118,528,64,72,3260249,321593,29427,72403,6281.571428571428,446.85714285714283,58.142857142857146,63.714285714285715
408,2021-03-31,8940,575,74,70,3269189,322168,29501,72473,6589.428571428572,468.85714285714283,59.142857142857146,66.85714285714286
409,2021-04-01,5610,470,62,60,3274799,322638,29563,72533,6359.714285714285,468.0,58.42857142857143,67.14285714285714
410,2021-04-02,3773,459,74,54,3278572,323097,29637,72587,5823.142857142857,463.14285714285717,60.57142857142857,64.14285714285714
411,2021-04-03,4499,473,58,64,3283071,323570,29695,72651,5881.857142857143,478.0,62.142857142857146,65.42857142857143
412,2021-04-04,4205,428,59,43,3287276,323998,29754,72694,6066.285714285715,494.2857142857143,64.0,63.0
413,2021-04-05,7637,659,69,63,3294913,324657,29823,72757,6111.714285714285,513.1428571428571,65.71428571428571,60.857142857142854
414,2021-04-06,10781,610,98,75,3305694,325267,29921,72832,6492.142857142857,524.8571428571429,70.57142857142857,61.285714285714285
415,2021-04-07,10481,614,79,85,3316175,325881,30000,72917,6712.285714285715,530.4285714285714,71.28571428571429,63.42857142857143
416,2021-04-08,10273,628,81,73,3326448,326509,30081,72990,7378.428571428572,553.0,74.0,65.28571428571429
417,2021-04-09,10438,615,77,75,3336886,327124,30158,73065,8330.57142857143,575.2857142857143,74.42857142857143,68.28571428571429
418,2021-04-10,5630,474,66,84,3342516,327598,30224,73149,8492.142857142857,575.4285714285714,75.57142857142857,71.14285714285714
419,2021-04-11,3912,448,73,43,3346428,328046,30297,73192,8450.285714285714,578.2857142857143,77.57142857142857,71.14285714285714
420,2021-04-12,8943,724,88,84,3355371,328770,30385,73276,8636.857142857143,587.5714285714286,80.28571428571429,74.14285714285714
421,2021-04-13,10088,635,78,68,3365459,329405,30463,73344,8537.857142857143,591.1428571428571,77.42857142857143,73.14285714285714
422,2021-04-14,10393,653,79,74,3375852,330058,30542,73418,8525.285714285714,596.7142857142857,77.42857142857143,71.57142857142857
423,2021-04-15,9638,619,84,61,3385490,330677,30626,73479,8434.57142857143,595.4285714285714,77.85714285714286,69.85714285714286
424,2021-04-16,9891,722,98,74,3395381,331399,30724,73553,8356.42857142857,610.7142857142857,80.85714285714286,69.71428571428571
425,2021-04-17,5319,502,77,68,3400700,331901,30801,73621,8312.0,614.7142857142857,82.42857142857143,67.42857142857143
426,2021-04-18,3892,468,66,53,3404592,332369,30867,73674,8309.142857142857,617.5714285714286,81.42857142857143,68.85714285714286
427,2021-04-19,8653,738,78,72,3413245,333107,30945,73746,8267.714285714286,619.5714285714286,80.0,67.14285714285714
428,2021-04-20,10701,670,99,79,3423946,333777,31044,73825,8355.285714285714,624.5714285714286,83.0,68.71428571428571
429,2021-04-21,9650,640,65,57,3433596,334417,31109,73882,8249.142857142857,622.7142857142857,81.0,66.28571428571429
430,2021-04-22,9796,636,96,63,3443392,335053,31205,73945,8271.714285714286,625.1428571428571,82.71428571428571,66.57142857142857
431,2021-04-23,9878,604,82,72,3453270,335657,31287,74017,8269.857142857143,608.2857142857143,80.42857142857143,66.28571428571429
432,2021-04-24,5008,467,65,58,3458278,336124,31352,74075,8225.42857142857,603.2857142857143,78.71428571428571,64.85714285714286
433,2021-04-25,3871,421,60,45,3462149,336545,31412,74120,8222.42857142857,596.5714285714286,77.85714285714286,63.714285714285715
434,2021-04-26,8957,705,66,59,3471106,337250,31478,74179,8265.857142857143,591.8571428571429,76.14285714285714,61.857142857142854
435,2021-04-27,9737,592,76,65,3480843,337842,31554,74244,8128.142857142857,580.7142857142857,72.85714285714286,59.857142857142854
436,2021-04-28,9323,557,70,56,3490166,338399,31624,74300,8081.428571428572,568.8571428571429,73.57142857142857,59.714285714285715
437,2021-04-29,8543,555,73,48,3498709,338954,31697,74348,7902.428571428572,557.2857142857143,70.28571428571429,57.57142857142857
438,2021-04-30,8991,557,58,50,3507700,339511,31755,74398,7775.714285714285,550.5714285714286,66.85714285714286,54.42857142857143
439,2021-05-01,3910,405,58,39,3511610,339916,31813,74437,7618.857142857143,541.7142857142857,65.85714285714286,51.714285714285715
440,2021-05-02,3079,361,61,37,3514689,340277,31874,74474,7505.714285714285,533.1428571428571,66.0,50.57142857142857
441,2021-05-03,6073,463,65,60,3520762,340740,31939,74534,7093.714285714285,498.57142857142856,65.85714285714286,50.714285714285715
442,2021-05-04,7443,537,60,57,3528205,341277,31999,74591,6766.0,490.7142857142857,63.57142857142857,49.57142857142857
443,2021-05-05,7962,470,76,54,3536167,341747,32075,74645,6571.571428571428,478.2857142857143,64.42857142857143,49.285714285714285
444,2021-05-06,6866,454,54,52,3543033,342201,32129,74697,6332.0,463.85714285714283,61.714285714285715,49.857142857142854
445,2021-05-07,7500,452,61,58,3550533,342653,32190,74755,6119.0,448.85714285714283,62.142857142857146,51.0
446,2021-05-08,3439,288,43,36,3553972,342941,32233,74791,6051.714285714285,432.14285714285717,60.0,50.57142857142857
447,2021-05-09,2420,281,27,30,3556392,343222,32260,74821,5957.571428571428,420.7142857142857,55.142857142857146,49.57142857142857
448,2021-05-10,6087,387,42,45,3562479,343609,32302,74866,5959.571428571428,409.85714285714283,51.857142857142854,47.42857142857143
449,2021-05-11,5877,372,48,39,3568356,343981,32350,74905,5735.857142857143,386.2857142857143,50.142857142857146,44.857142857142854
450,2021-05-12,5826,361,41,44,3574182,344342,32391,74949,5430.714285714285,370.7142857142857,45.142857142857146,43.42857142857143
451,2021-05-13,5719,345,26,42,3579901,344687,32417,74991,5266.857142857143,355.14285714285717,41.142857142857146,42.0
452,2021-05-14,5893,329,42,33,3585794,345016,32459,75024,5037.285714285715,337.57142857142856,38.42857142857143,38.42857142857143
453,2021-05-15,2829,234,20,27,3588623,345250,32479,75051,4950.142857142857,329.85714285714283,35.142857142857146,37.142857142857146
454,2021-05-16,2194,230,39,28,3590817,345480,32518,75079,4917.857142857143,322.57142857142856,36.857142857142854,36.857142857142854
455,2021-05-17,5157,306,44,30,3595974,345786,32562,75109,4785.0,311.0,37.142857142857146,34.714285714285715
456,2021-05-18,5975,297,37,29,3601949,346083,32599,75138,4799.0,300.2857142857143,35.57142857142857,33.285714285714285
457,2021-05-19,5342,252,37,38,3607291,346335,32636,75176,4729.857142857143,284.7142857142857,35.0,32.42857142857143
458,2021-05-20,5469,248,33,22,3612760,346583,32669,75198,4694.142857142857,270.85714285714283,36.0,29.571428571428573
459,2021-05-21,5608,292,37,35,3618368,346875,32706,75233,4653.428571428572,265.57142857142856,35.285714285714285,29.857142857142858
460,2021-05-22,2663,203,23,27,3621031,347078,32729,75260,4629.714285714285,261.14285714285717,35.714285714285715,29.857142857142858
461,2021-05-23,1998,162,35,20,3623029,347240,32764,75280,4601.714285714285,251.42857142857142,35.142857142857146,28.714285714285715
462,2021-05-24,4569,298,32,24,3627598,347538,32796,75304,4517.714285714285,250.28571428571428,33.42857142857143,27.857142857142858
463,2021-05-25,5315,252,33,20,3632913,347790,32829,75324,4423.428571428572,243.85714285714286,32.857142857142854,26.571428571428573
464,2021-05-26,5280,238,34,24,3638193,348028,32863,75348,4414.571428571428,241.85714285714286,32.42857142857143,24.571428571428573
465,2021-05-27,4997,240,30,11,3643190,348268,32893,75359,4347.142857142857,240.71428571428572,32.0,23.0
466,2021-05-28,5130,268,19,11,3648320,348536,32912,75370,4278.857142857143,237.28571428571428,29.428571428571427,19.571428571428573
467,2021-05-29,2877,186,17,9,3651197,348722,32929,75379,4309.428571428572,234.85714285714286,28.571428571428573,17.0
468,2021-05-30,1919,177,26,20,3653116,348899,32955,75399,4298.142857142857,237.0,27.285714285714285,17.0
469,2021-05-31,4864,264,33,24,3657980,349163,32988,75423,4340.285714285715,232.14285714285714,27.428571428571427,17.0
470,2021-06-01,5110,222,24,15,3663090,349385,33012,75438,4311.0,227.85714285714286,26.142857142857142,16.285714285714285
471,2021-06-02,5100,230,15,23,3668190,349615,33027,75461,4285.285714285715,226.71428571428572,23.428571428571427,16.142857142857142
472,2021-06-03,4437,196,27,18,3672627,349811,33054,75479,4205.285714285715,220.42857142857142,23.0,17.142857142857142
473,2021-06-04,4448,191,18,18,3677075,350002,33072,75497,4107.857142857143,209.42857142857142,22.857142857142858,18.142857142857142
474,2021-06-05,2400,143,15,15,3679475,350145,33087,75512,4039.714285714286,203.28571428571428,22.571428571428573,19.0
475,2021-06-06,1687,150,17,10,3681162,350295,33104,75522,4006.5714285714284,199.42857142857142,21.285714285714285,17.571428571428573
476,2021-06-07,4148,224,12,13,3685310,350519,33116,75535,3904.285714285714,193.71428571428572,18.285714285714285,16.0
477,2021-06-08,4078,183,15,19,3689388,350702,33131,75554,3756.8571428571427,188.14285714285714,17.0,16.571428571428573
478,2021-06-09,3980,159,11,12,3693368,350861,33142,75566,3596.8571428571427,178.0,16.428571428571427,15.0
479,2021-06-10,3897,151,10,13,3697265,351012,33152,75579,3519.714285714286,171.57142857142858,14.0,14.285714285714286
480,2021-06-11,3915,167,11,7,3701180,351179,33163,75586,3443.5714285714284,168.14285714285714,13.0,12.714285714285714
481,2021-06-12,2137,103,6,5,3703317,351282,33169,75591,3406.0,162.42857142857142,11.714285714285714,11.285714285714286
482,2021-06-13,1495,94,12,2,3704812,351376,33181,75593,3378.5714285714284,154.42857142857142,11.0,10.142857142857142
483,2021-06-14,3437,124,10,3,3708249,351500,33191,75596,3277.0,140.14285714285714,10.714285714285714,8.714285714285714
